0.443266868591
0.224473953247
0.0645251274109
0.0819509029388
0.0655429363251
0.0641300678253
0.0642609596252
0.0692579746246
0.0670127868652
0.128857135773
0.0640139579773
0.064906835556
0.0650069713593
0.0648639202118
0.0679910182953
0.0636870861053
0.0635659694672
0.0633339881897
0.064120054245
0.0656349658966
0.131401062012
0.0640211105347
0.193343162537
0.0645821094513
0.0654239654541
0.0637090206146
0.063994884491
0.0684859752655
0.0639700889587
0.0644910335541
0.0643689632416
0.0650019645691
0.0652630329132
0.0650670528412
0.0650160312653
0.0645899772644
0.0643241405487
0.0653448104858
0.0663118362427
0.0639219284058
0.0647518634796
0.065192937851
0.0674669742584
0.0649790763855
0.0652170181274
0.0656151771545
0.0628418922424
0.0647938251495
0.109050989151
0.0637640953064
0.063038110733
0.0644800662994
0.102813959122
0.0645999908447
0.0656349658966
0.0635659694672
0.0630130767822
0.143435955048
0.0641589164734
0.0648899078369
0.0690979957581
0.0651268959045
0.0641238689423
0.0658671855927
0.0683538913727
0.0713181495667
0.109951972961
0.0669519901276
0.0655090808868
0.0652780532837
0.0673439502716
0.0652968883514
0.0659289360046
0.0662529468536
0.0650141239166
0.0834650993347
0.0635499954224
0.0660710334778
0.0651969909668
0.0710530281067
0.0651209354401
0.0666348934174
0.064924955368
0.0650589466095
0.0649650096893
0.0649118423462
0.0676090717316
0.064651966095
0.0659110546112
0.136699199677
0.0642449855804
0.0685210227966
0.064474105835
0.0669450759888
0.0660228729248
0.0650489330292
0.064927816391
0.0690369606018
0.0643391609192
0.0649130344391
0.0661239624023
0.0653400421143
0.065437078476
0.0653209686279
0.0673310756683
0.141494035721
0.100386857986
0.0652937889099
0.0663359165192
0.0646209716797
0.0643658638
0.0643401145935
0.0664141178131
0.0691590309143
0.0659530162811
0.0644459724426
0.0645949840546
0.0645000934601
0.0650088787079
0.0631368160248
0.0672509670258
0.0645818710327
0.064581155777
0.0652370452881
0.064435005188
0.0659639835358
0.0690960884094
0.0638008117676
0.0642399787903
0.0640318393707
0.0633950233459
0.0959579944611
0.0663859844208
0.063225030899
0.0819408893585
0.0672740936279
0.065493106842
0.110117912292
0.0651338100433
0.0812959671021
0.0640449523926
0.143707990646
0.0677809715271
0.0660960674286
0.0634908676147
0.0641038417816
0.15765786171
0.174300193787
0.0667510032654
0.0680179595947
0.076630115509
0.0687830448151
0.0675928592682
0.0684161186218
0.0651290416718
0.132784128189
0.0638279914856
0.0656249523163
0.0645639896393
0.0658550262451
0.0674471855164
0.0667469501495
0.0644018650055
0.0655138492584
0.262500047684
0.0668091773987
0.0661549568176
0.0652751922607
0.0822489261627
0.064973115921
0.0655128955841
0.0663270950317
0.0634851455688
0.0641198158264
0.0655009746552
0.0640430450439
0.06334400177
0.064425945282
0.0659258365631
0.0656719207764
0.0632011890411
0.066498041153
0.0645689964294
0.0643229484558
0.0647349357605
0.11799287796
0.0650708675385
0.0634529590607
0.0666801929474
0.0683190822601
0.0674479007721
0.0652220249176
0.0657060146332
0.0646097660065
0.193164825439
0.206088066101
0.063884973526
0.139550924301
0.210516929626
0.242657899857
0.134265899658
0.0653030872345
0.151315927505
0.0648460388184
0.127146959305
0.0644280910492
0.0939090251923
0.569654941559
0.0674757957458
0.212109088898
0.0882370471954
0.344670057297
0.0639469623566
0.243596076965
0.345411062241
0.261015892029
0.0654430389404
0.181544065475
0.306846141815
0.0956199169159
0.0651750564575
0.0668389797211
0.28410410881
0.0639350414276
0.139430046082
0.260838031769
0.166215896606
0.0652740001678
0.145890951157
0.107275009155
0.119959831238
0.0666291713715
0.234992027283
0.0648331642151
0.0654230117798
0.127001047134
0.160934925079
0.245358943939
0.165427923203
0.0796508789062
0.0642399787903
0.098965883255
0.06418800354
0.105923891068
0.153413057327
0.0663778781891
0.0644009113312
0.1399269104
0.109938144684
0.0664110183716
0.151994943619
0.255005121231
0.0893859863281
0.108113050461
0.11837887764
0.0679049491882
0.195792913437
0.485003948212
0.100789070129
0.188699960709
0.0997660160065
0.0660390853882
0.0980939865112
0.105859994888
0.067831993103
0.332083940506
0.286844968796
0.0645070075989
0.0664999485016
0.0642809867859
0.22297501564
0.0989229679108
0.0769648551941
0.0660078525543
0.227385997772
0.0664839744568
0.426512956619
0.137496948242
0.157176971436
0.0921618938446
0.0657210350037
0.144191026688
0.178995132446
0.065388917923
0.0645589828491
0.452233076096
0.065826177597
0.19341301918
0.101305007935
0.417959928513
0.156801939011
0.146806001663
0.110733985901
0.189882993698
0.259709119797
0.0653510093689
0.0657620429993
0.103718996048
0.0992159843445
0.173494815826
0.133734941483
0.299664020538
0.190452098846
0.281713008881
0.0853610038757
0.065808057785
0.100701093674
0.066535949707
0.148313045502
0.295525074005
0.162024974823
0.228365898132
0.0660290718079
0.0656719207764
0.0665271282196
0.123195171356
0.463530063629
0.172340154648
0.114094018936
0.08837890625
0.0655200481415
0.283747196198
0.117087841034
0.963586807251
0.162628889084
0.561667919159
0.0661079883575
0.239773035049
0.104727983475
0.174907922745
0.259647130966
0.186192035675
0.103507041931
0.0956690311432
0.0680961608887
0.0693461894989
0.144353866577
0.23560500145
0.0787560939789
0.0994780063629
0.199177980423
0.165803194046
0.0650260448456
0.24803686142
0.100078105927
0.202229976654
0.0812320709229
0.0852320194244
0.0965847969055
0.11953997612
0.0653369426727
0.106776952744
0.0657351016998
0.113296985626
0.104540109634
0.182913064957
0.571915864944
0.210149049759
0.0645179748535
0.227334022522
0.0962808132172
0.104444980621
0.0648927688599
0.167591094971
0.105564832687
0.143787145615
0.0843389034271
0.0967910289764
0.122842073441
0.166079998016
0.0657680034637
0.105044126511
0.0653891563416
0.161149978638
0.395207881927
0.0828351974487
0.141254901886
0.153207063675
0.152178049088
0.25163602829
0.0643799304962
0.145555973053
0.0656599998474
0.242048025131
0.122415065765
0.117702960968
0.0813548564911
0.311602115631
0.212510108948
0.0667910575867
0.0660860538483
0.577787876129
0.106589078903
0.198481082916
0.0652480125427
0.0688021183014
0.159379959106
0.204978942871
0.128937959671
0.0655510425568
0.0651099681854
0.0923540592194
0.120571136475
0.603964805603
0.102150917053
0.150929927826
0.188410043716
0.269590139389
0.0715069770813
0.121507167816
0.078449010849
0.157935857773
0.121232032776
0.169154882431
0.118298053741
0.0811290740967
0.226094007492
0.0654809474945
0.115993022919
0.0654680728912
0.10468506813
0.183372974396
0.0658488273621
0.122659921646
0.0647192001343
0.0655560493469
0.107913017273
0.211400032043
0.0652849674225
0.0645358562469
0.118412971497
0.0657081604004
0.105048179626
0.163077116013
0.113559961319
0.174517869949
0.144577980042
0.0658710002899
0.312134981155
0.0675408840179
0.0659348964691
0.177500009537
0.422898054123
0.291079044342
0.0638790130615
0.200673103333
0.115508794785
0.0661668777466
0.131453990936
0.121267080307
0.167106151581
0.0672340393066
0.0898330211639
0.10672712326
0.156608104706
0.174382925034
0.0655610561371
0.22704410553
0.0664169788361
0.111774921417
0.321579933167
0.096431016922
0.0640261173248
0.0674588680267
0.0653581619263
0.262787103653
0.0671730041504
0.170262098312
0.0649039745331
0.254536867142
0.0654039382935
0.143216848373
0.136386156082
0.0656180381775
0.0647871494293
0.0675959587097
0.153146028519
0.0880210399628
0.100372076035
0.0970420837402
0.25810790062
0.214679002762
0.286329030991
0.342037916183
0.0672969818115
0.0937719345093
0.194691181183
0.0669989585876
0.0666649341583
0.183189868927
0.0708918571472
0.069776058197
0.103422880173
0.0740740299225
0.110673904419
0.0882759094238
0.0690340995789
0.0655040740967
0.252626895905
0.0667989253998
0.0921211242676
0.0883750915527
0.246488809586
0.144613981247
0.113268852234
0.186094045639
0.119975805283
0.153695821762
0.196547985077
0.138723134995
0.173099994659
0.128227949142
0.143156051636
0.126922130585
0.243777990341
0.117195129395
0.113201141357
0.0657169818878
0.0955200195312
0.0683798789978
0.136315107346
0.100133895874
0.0657770633698
0.0681889057159
0.168331861496
0.0649299621582
0.168553113937
0.066045999527
0.0665109157562
0.0667269229889
0.2104139328
0.100088834763
0.153878927231
0.112828969955
0.436543941498
0.193721055984
0.152189016342
0.17769908905
0.100070953369
0.0662479400635
1.0801050663
0.100425004959
0.150202989578
0.0915048122406
0.186215877533
0.155957937241
0.120434045792
0.0927910804749
0.20808506012
0.127331972122
0.0643029212952
0.0640740394592
0.0832660198212
0.176311016083
0.238976955414
0.1012840271
0.0667328834534
0.105503082275
0.201576948166
0.125315904617
0.207422018051
0.0988519191742
0.0650141239166
0.0658600330353
0.0646870136261
0.148606061935
0.241105079651
0.115249872208
0.118943929672
0.141560077667
0.215219974518
0.132050037384
0.0643470287323
0.448318004608
0.190456151962
0.118235826492
0.188692808151
0.200109958649
0.157313108444
0.0906009674072
0.0643639564514
0.208863973618
0.0906629562378
0.0924170017242
0.214204072952
0.177333116531
0.0639801025391
0.0651829242706
0.0650551319122
0.158004999161
0.28869509697
0.799602031708
0.0654881000519
0.0647759437561
